#TEXT/SIMPLE
# X WEIGHT
#
# DATE = 2020-10-22T20:51:31 / Date and time of file creation
# MODELEXPR = (xsphabs.abs1 * (((xsapec.kT1 + xsapec.kT2) + xsapec.kT3) + xsapec.kT4))
# ENERG_LO = 0.06 / [keV] Minimum energy
# ENERG_HI = 10.010000000000002 / [keV] Maximum energy
#
0.0725 225602372.81075972
0.0975 247200643.3911108
0.1225 204190963.60045677
0.14750000000000002 54485651.59368274
0.1725 35584311.7447132
0.1975 35637447.528592944
0.22250000000000003 29725792.250628028
0.2475 29030602.64862834
0.2725 27865601.136917762
0.2975 22570544.097107947
0.3225 15427173.46468659
0.34750000000000003 14852919.107689325
0.37250000000000005 19029037.45854342
0.3975 12662703.776015261
0.4225 9904114.699667316
0.4475 9461415.94974353
0.47250000000000003 7850413.721180648
0.49750000000000005 9408623.396102808
0.5225 7027662.712404413
0.5475000000000001 6357908.5940146735
0.5725 7552815.648573273
0.5975 5685233.955223336
0.6225 5559113.285887222
0.6475000000000001 23860406.13978446
0.6725000000000001 5745748.728029971
0.6975 9667452.743065588
0.7225 38655334.96778064
0.7475 20143013.472490575
0.7725000000000001 33611141.55746089
0.7975000000000001 13742136.879608287
0.8225 44263077.37124106
0.8475 18803979.85234001
0.8725 34159652.12776824
0.8975000000000001 17254502.654523812
0.9225000000000001 20939760.565652058
0.9475 8713232.640016744
0.9725 9511141.61996596
0.9975 8737929.842426313
1.0225 16511920.296208117
1.0475 7507342.596270146
1.0725000000000002 6583085.104546722
1.0975000000000001 9671316.13884124
1.1225 6647576.662753734
1.1475 3779455.970703588
1.1725 7274742.673264403
1.1975000000000002 2525825.754561533
1.2225000000000001 2739661.3628016505
1.2475 2221947.128279184
1.2725000000000002 2170686.7010868993
1.2975 1593014.0667112304
1.3225000000000002 2530712.0966145378
1.3475000000000001 3524706.4555046153
1.3725 1470365.5650558872
1.3975000000000002 1437760.9278752955
1.4225 1138501.641516043
1.4475000000000002 1176903.5144466644
1.4725000000000001 3463387.7714850483
1.4975 1579214.4823546256
1.5225000000000002 877242.1639216635
1.5475 1172943.4988073283
1.5725000000000002 1194068.6758628197
1.5975000000000001 959304.5524998531
1.6225 737704.2298157957
1.6475000000000002 881077.7393341524
1.6725 809533.8905222521
1.6975000000000002 702815.9731132856
1.7225000000000001 899632.6309840432
1.7475 953469.0042494852
1.7725000000000002 612056.3736760633
1.7975 555000.053866891
1.8225000000000002 607059.9411488592
1.8475000000000001 1876228.8298697728
1.8725 2266380.8264472103
1.8975000000000002 503520.5570184421
1.9225 469221.25439470174
1.9475000000000002 450536.7380326193
1.9725000000000001 465600.66566831176
1.9975 1811395.946335122
2.0225 409199.94215345406
2.0475000000000003 411768.2622458612
2.0725 381274.2074528733
2.0975 368998.55950304645
2.1225000000000005 388596.3500901347
2.1475 367483.567322691
2.1725000000000003 525472.7380274462
2.1975 324309.6793900709
2.2225 325928.0760653023
2.2475000000000005 310445.99874057004
2.2725 303518.81257705303
2.2975000000000003 358863.99543868203
2.3225 283388.20184070186
2.3475 301333.6501122034
2.3725000000000005 452883.6899184418
2.3975 275405.13462443533
2.4225000000000003 557336.9338463367
2.4475000000000002 523102.60376656003
2.4725 772207.8216133368
2.4975000000000005 285583.9933407987
2.5225 224355.0875585368
2.5475000000000003 216924.50104591376
2.5725000000000002 236674.983922904
2.5975 243133.09556899435
2.6225000000000005 721389.4211028215
2.6475 200249.54553262645
2.6725000000000003 191495.54681735078
2.6975000000000002 188833.29683153797
2.7225 185304.5157983549
2.7475000000000005 184885.76281169057
2.7725 178885.93150468156
2.7975000000000003 182223.52135121555
2.8225000000000002 179343.7766576131
2.8475 161061.18918471568
2.8725000000000005 229568.52899044548
2.8975 152713.0930498566
2.9225000000000003 149336.15546015117
2.9475000000000002 153176.51442551406
2.9725 148832.86965395344
2.9975000000000005 139038.95946807848
3.0225 163271.88562109935
3.0475000000000003 135186.67423355617
3.0725000000000002 130113.0562865249
3.0975 260508.50328739552
3.1225000000000005 175001.00309472077
3.1475 250633.03310489297
3.1725000000000003 124431.8819051193
3.1975000000000002 118311.73505613233
3.2225 112858.06394025138
3.2475000000000005 110455.99975352813
3.2725 129131.18569810389
3.2975000000000003 110222.0024486291
3.3225000000000002 162289.40000278148
3.3475 109420.02477715809
3.3725000000000005 98465.0568545224
3.3975 101161.87696585899
3.4225000000000003 97402.32772123077
3.4475000000000002 96820.44040578372
3.4725 93218.57970569326
3.4975000000000005 92156.30892800314
3.5225 91499.86307928726
3.5475000000000003 86141.46917669778
3.5725000000000002 84343.72869297524
3.5975 82735.85810868422
3.6225000000000005 83864.1339836129
3.6475 78982.6488405421
3.6725000000000003 92633.86326653363
3.6975000000000002 77065.22134077373
3.7225 73829.59174671362
3.7475000000000005 72375.16009234778
3.7725 71033.00968102181
3.7975000000000003 71529.89869141516
3.8225000000000002 68510.98753201276
3.8475 68215.17777228715
3.8725000000000005 117610.87996370206
3.8975 137188.77923568242
3.9225000000000003 65603.0898386226
3.9475000000000002 66601.64964457504
3.9725 63216.52518057377
3.9975 61050.28680708953
4.0225 58599.783753213225
4.047499999999999 58863.65604992469
4.0725 58515.706988275924
4.0975 67937.83732263547
4.1225 54801.78156297942
4.1475 55145.14337833641
4.172499999999999 51970.836469414826
4.1975 50973.28456522151
4.2225 50087.23519705073
4.2475 50247.85393419913
4.2725 48431.048526591505
4.297499999999999 48113.39174915026
4.3225 46870.660642388284
4.3475 46621.5034753747
4.3725 45405.701786605656
4.3975 44550.724621696194
4.422499999999999 43731.78326789554
4.4475 42959.13791670731
4.4725 42316.33632811084
4.4975 43004.12885334576
4.5225 41070.184089523675
4.547499999999999 40017.85374075492
4.5725 46633.77089240619
4.5975 38572.76677414802
4.6225 37961.84710038662
4.6475 37245.23848949464
4.672499999999999 36585.780706003774
4.6975 36663.034373117065
4.7225 36967.929950818725
4.7475 36460.70208202649
4.7725 34335.69269026234
4.797499999999999 33840.19444819336
4.8225 35771.03055972195
4.8475 32700.786881533688
4.8725000000000005 33564.184544056276
4.8975 31541.234485467143
4.922499999999999 31992.482721619992
4.9475 30508.785829076434
4.9725 30201.52910925627
4.9975000000000005 29984.42109178881
5.0225 29309.299198177087
5.047499999999999 28717.96224777836
5.0725 28251.0502358819
5.0975 27592.479917321554
5.1225000000000005 27621.487400785627
5.1475 26840.354655885516
5.172499999999999 26395.8079796896
5.1975 26040.54392510957
5.2225 25516.79007422647
5.2475000000000005 25347.23819302595
5.2725 24776.819828431915
5.297499999999999 24411.89460116367
5.3225 24156.82643511644
5.3475 23756.455270119215
5.3725000000000005 23359.347600215006
5.3975 23033.390133577763
5.422499999999999 22664.525939565083
5.4475 22318.079085941834
5.4725 21998.040738472584
5.4975000000000005 21739.615023401413
5.5225 21387.878205136378
5.547499999999999 21112.15560675142
5.5725 20907.902885274336
5.5975 20525.371794247807
5.6225000000000005 22341.180816500117
5.6475 21864.615632150813
5.672499999999999 24035.024200567797
5.6975 19247.862063489963
5.7225 18951.365973931894
5.7475000000000005 18660.471424574087
5.7725 18420.381139656663
5.797499999999999 18140.11217387185
5.8225 17876.157471496077
5.8475 17616.78227442578
5.8725000000000005 17438.02888089955
5.8975 17175.538945263466
5.922499999999999 17612.126382609655
5.9475 16639.838167266673
5.9725 16390.773183119396
5.9975000000000005 16177.405295672683
6.0225 15944.519986413176
6.047499999999999 15713.516646863205
6.0725 15494.22953416674
6.0975 15330.03580739103
6.1225000000000005 15846.723277606647
6.1475 15777.931199541365
6.172499999999999 16195.042291554808
6.1975 14413.212019050156
6.2225 14214.125683041297
6.2475000000000005 14003.371748218791
6.2725 13804.498249770666
6.297499999999999 13607.09392642085
6.3225 13424.631518770539
6.3475 13248.996532530493
6.3725000000000005 13075.370388426218
6.3975 12942.886224174437
6.422499999999999 12921.940949280117
6.4475 12884.64672450831
6.4725 13038.665913031966
6.4975000000000005 12729.590916511463
6.5225 12337.33491957725
6.547499999999999 17152.677541218734
6.5725 16863.028375051894
6.5975 22776.28140082871
6.6225000000000005 71277.08834847766
6.6475 170851.0212966204
6.672499999999999 131318.17972200576
6.6975 193660.9968758202
6.7225 11496.640653266924
6.7475000000000005 10716.405743209221
6.7725 10573.870727150557
6.797499999999999 10433.257638677394
6.8225 10291.99991444106
6.8475 10237.009510373939
6.8725000000000005 10083.94835560896
6.8975 10059.732561555596
6.922499999999999 12238.920521770975
6.9475 31793.29897308815
6.9725 52402.9453707725
6.9975000000000005 9424.563849606311
7.0225 9522.537806245935
7.047499999999999 9205.09730847027
7.0725 9133.060091200565
7.0975 8989.983874124546
7.1225000000000005 8880.08739142559
7.1475 8770.470934090847
7.172499999999999 8730.206438160756
7.1975 8598.796692915685
7.2225 8438.485802872345
7.2475000000000005 8340.87517398182
7.2725 8363.707474650166
7.297499999999999 8125.3349469275045
7.3225 8044.1490872243685
7.3475 7934.074295931652
7.3725000000000005 7848.98962668911
7.3975 7792.784611474442
7.422499999999999 7656.935088136384
7.4475 7570.370695427222
7.4725 7486.196942194311
7.4975000000000005 7411.737845343043
7.5225 7372.423338783118
7.547499999999999 7302.5743896753365
7.5725 7229.657489795352
7.5975 7128.773913412568
7.6225000000000005 7197.138428998746
7.6475 7111.2059516979125
7.672499999999999 7051.29474841152
7.6975 6924.004996357461
7.7225 9273.022408097077
7.7475000000000005 9396.071774382615
7.7725 17834.762220194923
7.797499999999999 13944.897821194574
7.8225 7610.76978017825
7.8475 6391.575820358979
7.8725000000000005 24434.04926037876
7.8975 6251.703877978701
7.922499999999999 6197.055111061011
7.9475 6121.837504942266
7.9725 6066.150949219457
7.9975000000000005 5992.420169854135
8.0225 5937.994386162867
8.0475 5954.620790240145
8.072500000000002 6432.229803507858
8.0975 7014.230278306154
8.122500000000002 5771.492207084624
8.1475 5846.147503056035
8.1725 10164.541712779928
8.197500000000002 5669.572302631388
8.2225 6273.515640092241
8.247500000000002 14483.612677076024
8.2725 5347.689062272463
8.2975 10749.238082740703
8.322500000000002 5264.235719065038
8.3475 6907.585549442271
8.372500000000002 5508.469699790531
8.3975 5469.237680295794
8.4225 5018.000717331189
8.447500000000002 4967.541667377939
8.4725 4970.224375339594
8.497500000000002 7190.753693489405
8.5225 4811.431133414674
8.5475 4763.9323733327465
8.572500000000002 4769.407743251878
8.5975 6118.839767593332
8.622500000000002 4616.614953122914
8.6475 5435.924578633492
8.6725 4532.259944709945
8.697500000000002 8093.495445752749
8.7225 4781.61014007955
8.747500000000002 4658.711451383567
8.7725 4375.955852095621
8.7975 4331.530291704339
8.822500000000002 4311.336208690248
8.8475 4342.0095158623335
8.872500000000002 4304.832113331376
8.8975 5653.867289316797
8.9225 4248.54737329384
8.947500000000002 4193.902986813903
8.9725 4169.985542425111
8.997500000000002 4135.30750461866
9.0225 4910.829380817637
9.0475 4059.8467057518196
9.072500000000002 4188.494601277626
9.0975 4484.631395106528
9.122500000000002 4279.0989510445925
9.1475 3913.871054902353
9.1725 4523.509887771229
9.197500000000002 3972.863340960404
9.2225 3811.7457879587955
9.247500000000002 3778.8194604795917
9.2725 3764.7964186535987
9.2975 3780.056870224002
9.322500000000002 3756.1521176396172
9.3475 3706.287284643267
9.372500000000002 3674.9042646682747
9.3975 3644.173539689924
9.4225 3613.8762515950125
9.447500000000002 3585.6636402063923
9.4725 3560.134110624924
9.497500000000002 3527.200433175113
9.5225 3555.845238278614
9.5475 3475.39737900245
9.572500000000002 3537.2764809817686
9.5975 3578.589131339556
9.622500000000002 3380.370257078526
9.6475 3352.5398992551104
9.672500000000001 3473.3605718280432
9.697500000000002 3297.3490199080006
9.7225 3269.666626188769
9.747500000000002 3275.184599200304
9.7725 3214.1686041432745
9.797500000000001 3192.721363192614
9.822500000000002 3158.876480467053
9.8475 3131.2433643492386
9.872500000000002 3104.4327498442253
9.8975 3144.799590335246
9.922500000000001 3049.3826087086513
9.947500000000002 3022.3237240489884
9.9725 2996.773911170919
9.997500000000002 3011.4635504519556
