#TEXT/SIMPLE
# X WEIGHT
#
# DATE = 2020-10-22T20:51:31 / Date and time of file creation
# MODELEXPR = (xsphabs.abs1 * (((xsapec.kT1 + xsapec.kT2) + xsapec.kT3) + xsapec.kT4))
# ENERG_LO = 0.06 / [keV] Minimum energy
# ENERG_HI = 10.010000000000002 / [keV] Maximum energy
#
0.0725 0.15287283461666257
0.0975 0.16750826954271963
0.1225 0.13836402082035565
0.14750000000000002 0.036920604607510156
0.1725 0.02411266573361971
0.1975 0.02414867163994095
0.22250000000000003 0.0201428117353684
0.2475 0.019671736880393944
0.2725 0.018882307756892286
0.2975 0.015294267573415834
0.3225 0.010453771865457607
0.34750000000000003 0.010064645234157593
0.37250000000000005 0.012894469415684461
0.3975 0.008580510018723729
0.4225 0.006711232996546246
0.4475 0.006411251165952332
0.47250000000000003 0.00531960273076166
0.49750000000000005 0.006375477839541094
0.5225 0.004762089627826146
0.5475000000000001 0.0043082503827030095
0.5725 0.005117944120663146
0.5975 0.003852432132542004
0.6225 0.003766970158073609
0.6475000000000001 0.016168304775559094
0.6725000000000001 0.0038934381944015295
0.6975 0.006550865959174792
0.7225 0.026193654596612412
0.7475 0.013649322606390579
0.7725000000000001 0.022775604797831688
0.7975000000000001 0.009311956218820864
0.8225 0.029993576850693263
0.8475 0.012741965726189955
0.8725 0.023147286906735856
0.8975000000000001 0.011692007924537137
0.9225000000000001 0.014189214918189757
0.9475 0.005904266678396645
0.9725 0.00644494630871793
0.9975 0.005921002013634538
1.0225 0.01118881875751862
1.0475 0.005087130639769122
1.0725000000000002 0.004460834644230251
1.0975000000000001 0.006553483876070397
1.1225 0.004504535458140667
1.1475 0.002561037547397513
1.1725 0.004929516120389344
1.1975000000000002 0.0017115517804038643
1.2225000000000001 0.0018564512119407202
1.2475 0.0015056373372159485
1.2725000000000002 0.0014709022113796662
1.2975 0.0010794592846177205
1.3225000000000002 0.0017148628668576225
1.3475000000000001 0.0023884140061621786
1.3725 0.0009963501227949131
1.3975000000000002 0.0009742565461833503
1.4225 0.0007714722632827737
1.4475000000000002 0.0007974941667599032
1.4725000000000001 0.002346863197435101
1.4975 0.001070108400800131
1.5225000000000002 0.000594437436863535
1.5475 0.0007948107782459915
1.5725000000000002 0.0008091256352132131
1.5975000000000001 0.0006500446089028334
1.6225 0.0004998836462382454
1.6475000000000002 0.0005970365021055702
1.6725 0.0005485569101979291
1.6975000000000002 0.0004762426417997844
1.7225000000000001 0.0006096096805131539
1.7475 0.000646090320694507
1.7725000000000002 0.00041474205977230983
1.7975 0.00037607951720526194
1.8225000000000002 0.0004113563737359077
1.8475000000000001 0.0012713714667012424
1.8725 0.0015357465302479974
1.8975000000000002 0.00034119594523829814
1.9225 0.00031795402826668805
1.9475000000000002 0.00030529301347271274
1.9725000000000001 0.0003155006424503578
1.9975 0.0012274393636881782
2.0225 0.00027728234549397165
2.0475000000000003 0.00027902269231673554
2.0725 0.0002583592899904212
2.0975 0.0002500410570061414
2.1225000000000005 0.00026332092530692835
2.1475 0.0002490144669656754
2.1725000000000003 0.0003560711971917851
2.1975 0.00021975894740951333
2.2225 0.00022085560647472778
2.2475000000000005 0.00021036463061796453
2.2725 0.00020567062597811768
2.2975000000000003 0.00024317366675301167
2.3225 0.00019202970772229757
2.3475 0.00020418991468976742
2.3725000000000005 0.0003068833566194826
2.3975 0.00018662021623920173
2.4225000000000003 0.00037766303541992386
2.4475000000000002 0.0003544651451881225
2.4725 0.0005232639937799391
2.4975000000000005 0.00019351762146480308
2.5225 0.00015202764832847213
2.5475000000000003 0.00014699252919875503
2.5725000000000002 0.00016037586495376511
2.5975 0.00016475201499735023
2.6225000000000005 0.000488828394366967
2.6475 0.0001356932344056047
2.6725000000000003 0.00012976134379132748
2.6975000000000002 0.00012795734812976253
2.7225 0.0001255661731054789
2.7475000000000005 0.00012528241741941053
2.7725 0.0001212168076135525
2.7975000000000003 0.0001234784275347908
2.8225000000000002 0.00012152705296014226
2.8475 0.00010913839349576088
2.8725000000000005 0.00015556038408773816
2.8975 0.00010348155086645566
2.9225000000000003 0.00010119326810049884
2.9475000000000002 0.00010379557477691398
2.9725 0.0001008522312272727
2.9975000000000005 9.421567508895755e-05
3.0225 0.00011063640713141714
3.0475000000000003 9.160528692585375e-05
3.0725000000000002 8.816729845232271e-05
3.0975 0.00017652595069420716
3.1225000000000005 0.00011858429975951638
3.1475 0.00016983412781503089
3.1725000000000003 8.431761717097576e-05
3.1975000000000002 8.017047906503181e-05
3.2225 7.647495870252623e-05
3.2475000000000005 7.484727032061557e-05
3.2725 8.750196263067973e-05
3.2975000000000003 7.468870890635872e-05
3.3225000000000002 0.00010997065455279359
3.3475 7.414527224649751e-05
3.3725000000000005 6.672195936816747e-05
3.3975 6.854938046190334e-05
3.4225000000000003 6.60018321238841e-05
3.4475000000000002 6.56075332420435e-05
3.4725 6.316683792374088e-05
3.4975000000000005 6.24470212706946e-05
3.5225 6.200219998439673e-05
3.5475000000000003 5.83712414325174e-05
3.5725000000000002 5.715305529277177e-05
3.5975 5.6063528924520754e-05
3.6225000000000005 5.6828071996834207e-05
3.6475 5.352027668571694e-05
3.6725000000000003 6.27706219691495e-05
3.6975000000000002 5.222098814805866e-05
3.7225 5.002845860304167e-05
3.7475000000000005 4.904290562773846e-05
3.7725 4.8133436745363583e-05
3.7975000000000003 4.8470139017428864e-05
3.8225000000000002 4.64244623667633e-05
3.8475 4.6224015554466416e-05
3.8725000000000005 7.969556515654552e-05
3.8975 9.296195469074457e-05
3.9225000000000003 4.445401073708696e-05
3.9475000000000002 4.51306555177616e-05
3.9725 4.2836825156428606e-05
3.9975 4.13689372238504e-05
4.0225 3.97084256635527e-05
4.047499999999999 3.988723099025433e-05
4.0725 3.965145350842317e-05
4.0975 4.603608392873092e-05
4.1225 3.7134820814155286e-05
4.1475 3.736748988300757e-05
4.172499999999999 3.521651385795862e-05
4.1975 3.454055205236538e-05
4.2225 3.394014667171723e-05
4.2475 3.404898525056064e-05
4.2725 3.2817880324014356e-05
4.297499999999999 3.2602629520586976e-05
4.3225 3.176052921556774e-05
4.3475 3.1591695165145876e-05
4.3725 3.076784279081932e-05
4.3975 3.0188492577859177e-05
4.422499999999999 2.963356097594146e-05
4.4475 2.9110000503070856e-05
4.4725 2.8674424849674403e-05
4.4975 2.9140487292417475e-05
4.5225 2.7830006314961042e-05
4.547499999999999 2.711692550217915e-05
4.5725 3.160000782068963e-05
4.5975 2.613770468060517e-05
4.6225 2.572373287220876e-05
4.6475 2.5238144053736267e-05
4.672499999999999 2.4791281818130112e-05
4.6975 2.4843630501031812e-05
4.7225 2.5050234051538058e-05
4.7475 2.4706525955152562e-05
4.7725 2.3266575633448667e-05
4.797499999999999 2.2930815774769356e-05
4.8225 2.4239190265126275e-05
4.8475 2.2158729637869333e-05
4.8725000000000005 2.2743785754198146e-05
4.8975 2.137299294784822e-05
4.922499999999999 2.1678768087165215e-05
4.9475 2.0673384381093442e-05
4.9725 2.046518087184522e-05
4.9975000000000005 2.0318063988123012e-05
5.0225 1.9860587427471913e-05
5.047499999999999 1.9459885277513346e-05
5.0725 1.9143496039732347e-05
5.0975 1.8697235168721167e-05
5.1225000000000005 1.8716891239563864e-05
5.1475 1.8187579533144263e-05
5.172499999999999 1.788634550948224e-05
5.1975 1.7645611237123258e-05
5.2225 1.7290704793417298e-05
5.2475000000000005 1.7175812931373575e-05
5.2725 1.6789285647877145e-05
5.297499999999999 1.6542004765054066e-05
5.3225 1.6369165299412357e-05
5.3475 1.6097865515951114e-05
5.3725000000000005 1.5828777144273408e-05
5.3975 1.5607901622139164e-05
5.422499999999999 1.535795161396877e-05
5.4475 1.5123192059370307e-05
5.4725 1.4906327454826915e-05
5.4975000000000005 1.4731212844512482e-05
5.5225 1.4492868700444786e-05
5.547499999999999 1.4306033364194415e-05
5.5725 1.4167627494959334e-05
5.5975 1.390841651465957e-05
5.6225000000000005 1.5138846269877915e-05
5.6475 1.4815915842757798e-05
5.672499999999999 1.628662958568689e-05
5.6975 1.3042749494591744e-05
5.7225 1.2841837611003008e-05
5.7475000000000005 1.2644721446927167e-05
5.7725 1.2482031303370759e-05
5.797499999999999 1.2292115254524303e-05
5.8225 1.2113254088039897e-05
5.8475 1.1937496089081916e-05
5.8725000000000005 1.1816369091944237e-05
5.8975 1.1638500481702742e-05
5.922499999999999 1.193434116047575e-05
5.9475 1.1275498553050973e-05
5.9725 1.110672696764621e-05
5.9975000000000005 1.0962144473394215e-05
6.0225 1.08043365703854e-05
6.047499999999999 1.0647803928982104e-05
6.0725 1.049921044525606e-05
6.0975 1.0387949379489117e-05
6.1225000000000005 1.073806749747997e-05
6.1475 1.0691452562353237e-05
6.172499999999999 1.0974095666642011e-05
6.1975 9.766690615135501e-06
6.2225 9.631785595565298e-06
6.2475000000000005 9.488974369683568e-06
6.2725 9.354213573247267e-06
6.297499999999999 9.220448320248867e-06
6.3225 9.096808018416218e-06
6.3475 8.977794118562884e-06
6.3725000000000005 8.860141451695561e-06
6.3975 8.770367441437354e-06
6.422499999999999 8.756174489895989e-06
6.4475 8.730903151724031e-06
6.4725 8.835269739901362e-06
6.4975000000000005 8.625834128748203e-06
6.5225 8.360033351036444e-06
6.547499999999999 1.16230091214121e-05
6.5725 1.14267368547484e-05
6.5975 1.543367942628923e-05
6.6225000000000005 4.829882949943153e-05
6.6475 0.00011577218624679495
6.672499999999999 8.898391502133135e-05
6.6975 0.00013122869754534462
6.7225 7.790361525622446e-06
6.7475000000000005 7.26165821066463e-06
6.7725 7.1650735353106295e-06
6.797499999999999 7.069791197845467e-06
6.8225 6.974072041852276e-06
6.8475 6.936809406527477e-06
6.8725000000000005 6.833092001842867e-06
6.8975 6.816682878865529e-06
6.922499999999999 8.2933457192873e-06
6.9475 2.1543797058854367e-05
6.9725 3.550931978810302e-05
6.9975000000000005 6.386279420578539e-06
7.0225 6.452668600282215e-06
7.047499999999999 6.237564352430192e-06
7.0725 6.188750443849746e-06
7.0975 6.091799039491125e-06
7.1225000000000005 6.017330909500832e-06
7.1475 5.94305253048992e-06
7.172499999999999 5.915768475138218e-06
7.1975 5.8267225134243375e-06
7.2225 5.718092538147425e-06
7.2475000000000005 5.65194955684232e-06
7.2725 5.66742119608309e-06
7.297499999999999 5.505895040335299e-06
7.3225 5.450881822393572e-06
7.3475 5.376292866811662e-06
7.3725000000000005 5.318637734875443e-06
7.3975 5.280552053911677e-06
7.422499999999999 5.188497606720948e-06
7.4475 5.129839783554257e-06
7.4725 5.072801907149329e-06
7.4975000000000005 5.0223468828655285e-06
7.5225 4.995706559962487e-06
7.547499999999999 4.9483754671549714e-06
7.5725 4.898965467440727e-06
7.5975 4.830604669210827e-06
7.6225000000000005 4.876929879157182e-06
7.6475 4.8187002549429454e-06
7.672499999999999 4.778103184275748e-06
7.6975 4.691849015174083e-06
7.7225 6.283591805032738e-06
7.7475000000000005 6.366972601021232e-06
7.7725 1.2085203809458012e-05
7.797499999999999 9.44935122714305e-06
7.8225 5.157215039075124e-06
7.8475 4.331063991712575e-06
7.8725000000000005 1.655701722042845e-05
7.8975 4.2362838701712655e-06
7.922499999999999 4.199252735246012e-06
7.9475 4.148283729392082e-06
7.9725 4.11054936730483e-06
7.9975000000000005 4.060587866015447e-06
8.0225 4.023707829137038e-06
8.0475 4.0349742244728155e-06
8.072500000000002 4.358611971660642e-06
8.0975 4.752987532618464e-06
8.122500000000002 3.910882508337361e-06
8.1475 3.961470481203537e-06
8.1725 6.887703727812317e-06
8.197500000000002 3.84181947276949e-06
8.2225 4.251063971376487e-06
8.247500000000002 9.814395557318536e-06
8.2725 3.6237047306406853e-06
8.2975 7.283906083099395e-06
8.322500000000002 3.5671550189713948e-06
8.3475 4.680722858292443e-06
8.372500000000002 3.7326530165236473e-06
8.3975 3.7060685885623002e-06
8.4225 3.4003010881908535e-06
8.447500000000002 3.3661089921489934e-06
8.4725 3.3679268505581818e-06
8.497500000000002 4.872603450301713e-06
8.5225 3.2603252650403086e-06
8.5475 3.2281391226516736e-06
8.572500000000002 3.2318493465721222e-06
8.5975 4.146252400553391e-06
8.622500000000002 3.1283137913162532e-06
8.6475 3.6834949417626673e-06
8.6725 3.0711530926518817e-06
8.697500000000002 5.484319935708858e-06
8.7225 3.2401179430807604e-06
8.747500000000002 3.1568392493438585e-06
8.7725 2.965238206197295e-06
8.7975 2.935134527491106e-06
8.822500000000002 2.9214505991069044e-06
8.8475 2.9422354665533015e-06
8.872500000000002 2.9170432895483217e-06
8.8975 3.831177430874355e-06
8.9225 2.8789035853953974e-06
8.947500000000002 2.8418754187453795e-06
8.9725 2.825668463672402e-06
8.997500000000002 2.8021699079064886e-06
9.0225 3.3276795736280354e-06
9.0475 2.7510361096157756e-06
9.072500000000002 2.838210584828389e-06
9.0975 3.0388790021986653e-06
9.122500000000002 2.89960596646781e-06
9.1475 2.652119988954717e-06
9.1725 3.065223873066941e-06
9.197500000000002 2.692094382299312e-06
9.2225 2.5829177955152854e-06
9.247500000000002 2.5606062349029126e-06
9.2725 2.551103931681635e-06
9.2975 2.561444729342725e-06
9.322500000000002 2.5452463744989563e-06
9.3475 2.5114569321590347e-06
9.372500000000002 2.4901911486363026e-06
9.3975 2.4693673736966377e-06
9.4225 2.448837304555247e-06
9.447500000000002 2.4297198554735633e-06
9.4725 2.41242051812651e-06
9.497500000000002 2.3901039770220124e-06
9.5225 2.4095142895052382e-06
9.5475 2.3550011559190697e-06
9.572500000000002 2.3969317154484542e-06
9.5975 2.4249260219224368e-06
9.622500000000002 2.290608812376836e-06
9.6475 2.2717503862182146e-06
9.672500000000001 2.3536209732443944e-06
9.697500000000002 2.234351904696674e-06
9.7225 2.215593742075826e-06
9.747500000000002 2.2193328347329727e-06
9.7725 2.1779871343083207e-06
9.797500000000001 2.1634540401835333e-06
9.822500000000002 2.1405200475350386e-06
9.8475 2.1217952764362647e-06
9.872500000000002 2.103627849444555e-06
9.8975 2.1309812555878378e-06
9.922500000000001 2.066324735046455e-06
9.947500000000002 2.0479890750622497e-06
9.9725 2.0306759933338406e-06
9.997500000000002 2.0406299967798594e-06
